476,556,555,525,620,468,658,413,696,369,555,392,595,321,619,280,640,242,497,386,492,301,490,251,490,201,443,399,424,325,418,275,416,226,393,427,354,375,328,340,307,301
475,562,553,530,616,472,654,415,694,372,554,394,596,324,620,280,640,240,495,384,494,302,493,249,492,199,440,395,424,323,416,272,412,221,391,423,352,372,326,336,306,298
474,561,552,529,614,471,654,414,694,371,554,394,595,324,618,280,638,239,494,384,492,303,490,251,489,200,439,396,423,325,414,273,410,222,390,424,352,374,327,337,306,298
474,561,552,529,615,470,652,413,693,370,553,394,593,324,615,278,635,236,493,385,491,304,489,250,487,199,439,396,422,324,412,273,407,222,390,423,350,373,324,337,303,299
471,560,549,529,613,470,651,413,693,370,552,393,592,323,614,277,634,235,492,383,490,303,487,250,484,199,437,395,421,323,411,272,406,221,388,423,349,373,323,337,302,298
470,556,549,527,613,470,651,412,693,369,551,393,591,323,613,276,633,235,491,383,490,304,486,250,484,199,436,395,420,324,410,272,406,221,388,422,348,373,322,337,301,299
469,553,549,527,614,470,651,412,692,369,551,393,591,323,613,276,633,234,491,384,490,304,487,250,484,199,437,395,420,324,411,272,406,222,388,423,348,373,322,337,300,299
472,558,550,527,614,468,650,411,692,369,550,392,589,321,611,274,630,231,490,383,489,301,486,248,483,198,436,394,418,322,409,271,404,221,388,422,347,372,320,337,298,299
471,560,549,527,612,467,652,410,693,367,550,392,591,322,614,276,634,234,490,383,488,302,485,248,484,198,436,394,418,322,409,271,405,221,387,422,347,372,322,335,301,297
472,550,551,522,615,465,652,409,693,367,551,392,591,322,613,276,634,233,491,383,489,303,486,249,484,198,437,395,418,323,409,272,404,221,388,422,348,373,322,336,302,297
469,551,548,523,613,465,652,409,693,367,550,391,590,322,613,275,634,234,491,382,489,302,487,248,485,197,437,393,418,322,409,271,404,221,388,421,349,371,323,335,302,297
468,552,548,523,613,466,651,409,692,367,549,391,588,320,611,273,631,231,490,381,489,300,486,247,484,196,436,392,418,321,409,270,405,220,388,419,348,369,322,334,301,296
469,550,548,521,613,464,651,408,692,367,548,391,587,321,610,274,631,232,489,382,488,301,487,247,485,196,435,393,417,321,409,270,405,221,386,420,347,370,322,335,301,297
469,550,548,520,612,463,651,408,692,366,548,389,587,320,611,274,632,233,488,380,488,299,487,246,486,195,434,392,416,320,408,270,404,220,385,419,346,370,321,335,301,297
466,551,545,521,611,464,650,408,690,366,547,388,587,319,610,274,631,233,488,379,486,298,485,246,483,196,434,391,415,320,407,270,404,221,385,418,346,369,320,334,299,297
466,550,544,522,611,465,649,409,690,366,546,388,585,319,608,274,628,233,487,379,485,299,484,246,482,197,433,391,415,320,407,270,404,220,384,418,345,369,319,334,298,296
463,550,543,521,609,464,649,408,689,366,545,388,585,319,608,274,628,233,486,379,485,299,483,246,482,197,432,391,415,320,407,270,403,220,383,418,344,369,318,334,297,297
465,552,543,522,609,464,648,408,688,366,544,388,583,319,606,273,627,232,484,379,483,299,481,246,479,197,430,391,413,320,405,270,402,220,382,418,343,369,317,333,296,296
464,551,542,521,608,464,648,409,688,367,544,388,583,320,607,275,627,234,484,379,483,299,481,247,479,196,430,391,413,321,404,271,401,220,381,418,343,369,317,334,297,296
463,548,541,520,607,464,646,409,686,367,544,388,583,319,606,274,625,233,484,379,482,299,480,246,478,196,430,391,413,321,404,271,401,221,381,418,342,369,317,334,296,296
461,549,540,522,606,464,645,408,686,366,542,388,581,320,605,275,625,235,483,378,481,299,479,247,476,197,428,390,411,320,404,270,400,220,379,417,341,368,315,333,295,295
460,546,538,520,605,464,645,409,686,366,542,388,581,320,604,275,624,235,482,378,480,299,477,247,475,197,428,390,411,320,403,270,399,220,379,418,340,368,315,334,294,296
460,546,539,518,605,463,644,408,685,366,541,386,579,319,602,275,623,236,481,377,479,297,476,245,474,196,427,389,409,319,401,269,398,219,378,417,339,368,313,333,293,296
459,542,538,517,605,462,644,408,685,365,540,385,578,318,602,275,623,237,481,376,479,297,476,246,474,196,427,388,410,318,402,269,398,218,377,416,339,367,314,333,294,296
460,545,539,517,605,462,643,407,684,364,538,383,576,316,601,275,623,237,480,375,479,297,478,245,476,195,426,387,410,317,402,267,398,217,377,416,338,367,313,333,293,296
458,544,538,516,604,461,643,406,684,362,537,381,575,314,601,275,623,238,479,373,478,295,477,243,476,194,425,386,409,317,402,267,399,217,377,414,339,365,315,330,295,293
459,543,538,515,604,460,643,405,684,362,538,381,576,314,601,274,623,237,480,373,479,295,477,244,476,194,426,385,410,316,402,267,398,216,377,414,339,365,315,330,295,293
459,540,538,514,605,459,643,405,684,361,538,380,576,314,601,274,623,237,480,372,478,294,477,243,476,193,426,385,410,315,402,266,398,215,378,413,340,363,315,329,295,291
458,540,538,514,605,458,644,404,685,361,538,380,576,313,602,273,625,236,480,372,479,294,478,242,477,192,427,384,411,314,403,265,399,214,378,413,340,363,316,328,296,291
457,537,537,513,605,458,644,404,684,361,540,380,579,313,603,271,624,232,481,372,480,294,478,242,476,192,426,384,411,314,404,264,402,213,377,412,340,362,316,327,297,290
455,536,536,511,604,456,643,401,685,359,540,378,579,311,603,268,624,229,480,369,480,291,479,240,477,190,426,381,412,312,405,262,403,212,377,410,340,360,316,325,297,288
451,536,533,512,601,454,640,398,682,355,538,375,578,309,602,266,622,227,479,367,480,290,478,238,476,189,425,379,412,309,405,259,403,209,376,407,340,357,316,322,296,284
450,534,532,509,601,451,640,395,681,351,537,372,577,307,600,265,620,225,478,363,478,287,478,235,476,186,424,376,411,306,405,256,401,206,376,404,340,354,315,319,295,282
449,530,530,505,599,447,639,392,680,348,537,369,577,304,600,261,619,221,478,359,478,283,477,233,475,184,424,372,412,302,405,253,401,203,376,400,340,349,316,315,295,278
448,525,530,500,599,443,639,389,680,345,538,365,578,301,601,257,620,216,479,355,480,279,480,229,478,180,425,367,414,299,408,249,404,199,376,396,342,344,318,310,297,273
448,524,530,497,599,439,640,384,681,341,539,361,579,296,602,253,621,212,480,351,480,275,482,225,483,176,425,362,414,295,410,245,407,196,377,390,343,339,320,304,301,266
447,521,530,493,600,435,641,381,682,336,540,352,579,287,603,246,624,207,481,343,481,268,485,218,488,170,427,355,415,289,411,239,410,190,380,384,346,334,323,298,304,260
449,515,532,488,601,428,642,374,683,331,541,346,580,282,603,241,623,201,482,336,482,263,487,213,490,166,428,348,417,282,413,234,412,186,381,377,348,327,325,292,306,254
449,511,531,484,600,423,640,368,682,326,542,340,582,275,605,234,624,194,483,331,484,257,488,208,492,160,429,342,418,277,414,230,414,182,381,370,348,321,326,285,308,248
449,507,531,480,600,419,641,364,681,322,541,338,581,273,604,230,624,190,483,327,484,254,488,204,491,156,429,337,418,273,414,225,414,178,382,363,349,316,327,281,309,244
449,503,533,475,601,414,641,359,681,317,542,333,581,268,604,225,623,186,483,324,484,250,488,200,491,153,430,334,418,269,414,222,414,174,383,360,349,313,327,278,310,241
449,501,532,473,600,412,640,357,679,314,540,330,581,264,603,222,622,183,482,321,484,247,487,198,489,151,430,332,418,266,414,218,414,171,383,358,349,310,327,275,309,238
451,500,533,471,600,410,638,355,678,311,541,330,581,264,602,221,619,182,483,320,484,246,486,197,488,150,430,331,418,265,414,217,412,170,383,357,349,309,327,274,309,237
451,500,533,471,600,410,638,355,678,312,541,329,581,263,602,220,618,181,483,320,484,246,486,196,488,149,430,331,417,265,413,217,412,169,383,357,349,309,327,274,309,237
450,499,532,471,599,410,637,355,677,311,542,329,581,263,601,220,617,180,483,320,483,246,485,196,486,149,430,331,417,265,413,217,411,169,382,358,349,309,327,274,309,237
452,498,533,470,599,409,637,355,675,311,540,329,580,263,600,220,616,180,482,321,481,246,484,196,485,150,429,331,416,265,412,217,410,169,381,358,348,309,326,274,307,237
450,498,531,469,598,408,637,354,676,310,540,327,579,261,600,218,616,180,482,319,481,245,483,195,485,148,428,331,415,265,411,216,409,168,381,358,347,309,325,274,307,236
450,498,531,468,597,408,636,353,674,309,539,326,578,260,599,218,616,179,481,318,480,244,483,195,484,148,428,329,415,264,411,216,409,167,381,356,347,308,324,273,306,236
450,497,531,467,598,406,636,351,674,308,538,325,577,259,598,216,614,178,481,318,479,243,482,193,483,146,428,330,415,263,411,215,409,166,381,357,346,307,324,272,306,234
451,496,532,466,598,405,636,350,674,306,539,324,577,258,598,215,614,177,481,316,480,242,481,193,482,146,428,329,415,263,411,214,409,166,381,356,347,307,325,271,307,233
450,495,531,465,597,404,636,349,674,306,539,323,577,257,598,215,614,176,482,316,480,242,482,192,483,146,429,328,416,262,411,213,409,165,382,356,348,306,326,270,308,233
451,494,531,465,597,404,636,349,673,305,539,323,577,257,598,215,614,176,481,316,480,242,482,192,483,146,429,328,416,262,411,213,410,165,381,355,348,306,327,270,309,232
452,494,532,464,597,404,635,348,673,305,539,323,577,257,597,214,614,176,482,315,480,241,482,192,483,146,429,328,416,261,412,213,410,165,382,355,349,305,327,270,309,232
451,493,531,464,597,403,635,348,673,304,538,322,576,257,597,214,614,175,481,315,479,241,482,191,483,145,429,327,416,261,411,213,410,165,382,354,349,304,327,269,310,232
450,493,530,464,596,403,635,347,672,304,538,322,575,256,596,214,613,175,481,315,479,240,481,191,482,145,429,327,416,261,411,213,410,164,382,354,349,304,327,269,310,231
451,491,531,463,597,402,635,347,672,304,538,322,576,256,596,213,613,174,480,315,478,240,480,191,481,145,428,326,415,261,411,212,409,165,381,353,348,304,326,268,309,231
450,492,530,463,596,402,635,347,673,303,537,322,575,256,596,214,612,175,480,314,479,240,481,191,482,145,428,326,415,260,411,212,409,165,381,353,348,304,327,269,309,232
450,492,530,463,596,402,635,347,672,303,537,322,575,256,596,213,613,174,480,315,479,240,481,191,482,144,428,326,415,260,411,212,409,164,381,353,347,304,326,268,308,231
449,491,529,463,596,403,634,347,672,303,537,323,575,257,596,214,613,175,480,315,479,240,481,191,481,145,427,326,415,260,410,212,409,165,381,353,347,304,326,269,308,232
449,491,529,463,595,402,633,347,671,303,537,322,575,255,596,212,612,173,479,314,478,240,480,190,480,145,427,326,414,260,410,212,408,165,380,353,347,304,326,268,308,232
448,490,529,462,595,402,632,347,670,302,536,321,575,255,596,212,612,173,479,314,478,240,480,190,480,144,427,325,414,259,410,211,408,164,380,352,347,303,326,268,308,231
449,490,529,461,594,402,631,346,669,302,536,320,574,254,595,211,611,173,479,313,477,239,479,190,480,144,426,325,414,259,409,211,408,163,379,352,347,302,326,267,308,230
450,491,529,461,593,401,631,346,669,301,535,320,573,254,594,211,611,172,478,313,476,239,478,190,479,145,426,325,413,260,409,211,407,163,380,352,346,303,325,267,308,230
450,491,528,461,592,400,630,345,668,300,534,320,572,254,594,211,611,172,478,312,476,239,478,190,479,144,426,324,413,259,409,211,407,163,380,351,347,302,325,267,308,230
450,491,528,461,593,400,631,345,668,300,534,319,572,253,594,210,610,172,478,312,476,239,478,190,478,144,426,324,413,259,409,211,406,163,380,351,347,302,325,267,307,230
449,491,528,461,592,400,631,345,667,300,534,320,572,254,594,211,610,172,478,313,476,239,478,189,478,144,426,324,413,259,409,210,406,163,380,351,347,302,326,266,308,230
449,490,527,461,592,401,630,346,666,301,533,320,572,254,593,211,610,172,477,312,476,239,477,190,478,145,426,324,413,259,409,211,407,163,380,351,347,302,326,267,308,230
447,491,526,461,591,401,629,347,667,301,533,320,572,255,593,212,609,173,477,313,475,240,477,190,477,145,425,324,413,260,408,211,406,164,379,351,346,302,325,267,308,231
447,492,525,462,590,402,629,348,666,302,531,320,570,255,591,213,608,174,476,313,474,240,476,191,477,146,424,325,412,260,408,212,406,165,378,352,345,303,324,268,307,231
445,493,524,463,589,403,628,348,666,303,530,322,570,257,591,214,608,175,474,314,474,241,476,192,476,147,423,326,411,261,407,213,405,166,377,352,344,304,323,269,306,232
446,493,524,463,589,403,628,348,665,303,529,322,569,257,590,215,607,176,474,315,473,241,475,192,475,147,423,326,410,261,406,213,404,166,377,353,343,304,322,269,305,233
446,494,524,463,589,403,627,348,664,303,529,323,568,257,590,215,607,176,474,315,472,241,474,192,474,147,423,327,410,262,405,214,403,167,377,354,343,305,322,270,304,233
445,492,524,462,588,402,626,348,663,303,529,322,568,257,589,214,606,175,473,314,472,241,474,192,474,147,422,326,409,261,404,213,401,165,377,353,342,304,320,270,303,233
447,492,525,462,588,402,625,347,662,302,528,322,567,256,588,214,604,175,473,314,472,241,474,193,474,147,422,326,409,261,404,212,401,164,376,353,341,304,320,269,302,233
448,490,525,460,588,400,625,346,663,302,529,319,567,255,588,212,604,174,473,313,471,240,472,191,473,146,422,325,408,260,402,211,399,163,375,353,341,304,319,269,301,232
446,491,524,460,587,400,624,345,662,301,529,321,566,256,586,213,603,174,473,313,472,240,472,192,472,145,422,325,409,260,403,212,399,163,375,352,341,303,320,268,302,232
447,492,525,461,587,400,625,345,662,301,528,319,566,254,587,212,603,173,473,312,471,240,472,191,472,146,421,324,408,259,402,211,399,163,375,352,341,303,319,268,301,231
449,490,525,459,587,400,624,346,662,302,529,319,566,254,586,212,602,173,474,312,471,240,471,191,471,145,422,325,408,260,402,212,399,163,375,353,340,304,319,269,301,232
446,492,523,461,586,401,624,346,662,302,528,320,565,255,585,213,601,174,473,313,470,239,471,191,470,145,421,325,407,260,401,212,398,163,374,352,340,303,318,269,301,232
446,493,524,462,587,402,624,346,661,301,527,321,564,256,586,213,602,174,472,314,470,240,470,192,470,145,420,325,407,260,401,212,398,164,374,353,340,304,318,269,300,232
445,494,522,464,586,403,624,348,663,303,527,322,564,257,585,214,601,175,472,315,470,241,471,192,470,146,421,326,407,261,401,213,398,164,374,354,340,305,318,270,299,233
444,494,522,464,587,403,625,348,662,303,527,323,565,258,586,215,603,175,472,315,469,242,471,193,471,147,420,327,407,262,401,214,398,165,374,354,340,305,318,271,300,234
444,496,523,465,587,403,625,348,663,303,527,323,565,257,586,215,602,176,471,315,469,242,471,193,471,147,420,327,406,262,401,214,398,166,374,355,339,306,317,271,299,235
444,496,522,465,587,404,625,348,663,303,527,322,566,257,587,215,603,175,472,315,469,242,471,193,471,147,420,327,407,263,401,215,398,166,374,355,339,306,318,271,299,235
445,495,523,464,588,403,625,348,663,303,527,322,565,258,586,216,602,177,472,315,469,242,471,193,471,147,420,327,406,263,401,215,398,166,375,354,339,306,318,271,300,234
445,495,524,464,587,403,625,348,663,304,528,322,565,258,586,215,602,176,472,315,469,242,471,193,471,147,420,327,406,263,401,214,398,166,374,355,339,306,318,271,299,234
444,495,523,465,587,403,625,348,663,304,527,322,565,257,586,215,602,176,472,315,469,241,471,193,471,147,420,327,406,262,401,214,398,166,374,355,340,306,318,271,299,234
444,496,523,465,587,404,625,349,663,304,527,322,565,257,586,215,602,176,471,315,469,242,471,193,472,147,420,327,406,263,401,215,398,166,374,354,340,306,318,271,300,234
443,498,522,467,587,406,625,351,664,306,527,324,566,259,587,217,604,178,472,316,470,243,472,194,473,148,420,327,406,263,401,215,399,167,374,355,340,306,318,272,300,235
441,497,521,467,587,406,626,351,664,307,526,325,566,261,587,218,604,179,471,318,470,244,472,195,474,149,419,329,406,264,402,216,400,168,373,356,339,307,318,272,301,235
440,498,520,467,586,407,625,352,662,307,525,327,565,262,587,219,604,180,470,319,470,245,472,195,473,149,419,330,406,265,402,217,400,169,373,357,339,308,318,273,300,236
440,498,520,467,586,408,624,352,661,306,525,326,565,261,586,219,603,180,470,318,469,245,471,196,472,149,418,330,405,266,401,217,400,168,372,357,338,308,317,273,300,236
440,498,519,467,584,408,622,353,660,306,525,326,564,261,586,218,602,179,469,318,468,245,471,196,472,149,418,330,405,266,401,217,398,168,371,357,337,308,317,273,299,236
440,496,519,466,584,407,621,352,659,305,525,325,564,260,585,217,601,178,469,318,468,245,470,195,471,149,418,330,405,266,400,217,397,168,371,357,337,308,316,273,298,236
442,496,520,465,585,405,621,350,659,304,524,324,563,258,584,216,600,177,469,317,467,244,469,195,470,149,418,329,404,265,399,216,396,167,371,356,336,307,315,272,298,235
442,495,521,464,584,403,621,349,660,304,524,323,562,258,584,215,600,177,468,316,466,243,469,194,470,148,417,328,403,263,398,215,396,167,370,355,336,306,315,272,297,235
441,495,520,464,584,403,621,348,661,305,525,322,561,258,583,216,600,177,469,315,466,242,468,194,469,148,417,327,403,263,398,215,395,166,370,355,336,306,315,271,297,234
442,495,521,463,585,403,622,348,660,304,524,322,561,258,583,215,599,177,468,315,466,242,468,194,469,148,417,327,404,263,399,215,397,166,371,355,337,306,316,271,299,234
440,494,519,464,583,403,621,348,660,305,524,322,562,258,583,215,599,176,469,315,467,242,468,194,468,147,417,327,404,263,400,215,397,166,371,354,337,305,316,270,299,233
443,494,521,463,584,403,621,348,659,303,524,322,561,257,582,215,598,177,468,315,466,241,468,193,469,147,417,327,404,263,400,215,398,166,371,354,338,305,317,270,300,233
438,495,518,464,582,403,620,348,660,304,524,322,561,257,583,215,599,176,468,315,466,242,468,193,469,147,417,327,404,263,400,215,398,166,370,354,337,305,317,270,299,233
441,495,520,464,584,404,621,349,658,303,523,322,561,257,581,215,597,176,467,315,465,241,467,193,468,147,417,327,404,263,400,215,399,166,371,354,337,306,316,271,299,233
436,496,516,465,582,404,621,349,660,305,523,322,561,257,583,215,598,176,468,315,466,242,468,194,468,148,416,327,404,263,401,215,399,167,369,354,335,305,314,271,297,234
438,495,517,465,583,406,620,351,657,304,523,323,561,258,582,215,597,177,467,316,465,242,467,193,468,148,416,328,404,263,401,215,400,167,370,355,335,306,314,270,297,233
437,496,516,465,582,405,620,350,659,305,522,324,561,259,581,216,597,177,467,316,465,243,467,194,468,148,416,328,404,264,401,215,400,167,369,355,335,306,314,271,296,234
438,495,517,465,582,406,619,350,656,304,522,324,561,259,581,217,597,177,467,316,465,243,466,194,467,148,415,328,403,264,400,216,399,168,369,355,334,306,313,271,296,234
437,495,516,464,581,404,619,349,658,305,522,323,559,258,580,216,596,177,466,316,464,243,466,194,467,148,415,328,402,265,399,216,398,168,368,355,334,307,312,272,295,235
438,495,517,465,581,405,618,349,655,303,521,322,559,257,579,215,596,176,466,315,463,242,465,193,466,148,414,327,402,263,398,215,398,167,368,355,333,306,312,271,294,234
438,494,517,463,582,402,618,347,657,302,520,322,557,257,579,214,595,176,464,315,462,242,464,193,465,148,413,328,401,264,397,216,396,168,367,355,332,306,310,271,293,234
438,494,517,463,580,402,616,347,655,303,519,322,556,258,577,214,593,175,463,316,461,242,462,193,462,147,412,327,399,263,395,215,394,167,365,355,330,306,309,271,291,234
434,495,514,463,578,402,615,347,654,303,517,322,555,257,576,214,592,175,462,315,460,242,460,193,461,147,410,327,398,263,394,215,392,167,363,355,328,306,306,271,288,234
435,494,514,463,577,403,614,348,652,303,516,322,553,258,574,215,589,175,460,315,458,242,458,193,458,148,409,328,396,263,392,216,390,168,362,355,327,307,305,272,286,234
433,494,513,462,577,401,614,347,654,303,516,322,552,258,573,215,589,175,460,315,457,242,458,193,458,147,408,327,395,263,391,215,389,167,362,355,326,306,303,272,284,235
435,494,514,462,577,402,614,347,654,302,515,323,553,258,573,215,589,175,459,316,457,242,458,193,458,147,408,328,394,263,390,214,389,166,362,356,325,307,302,272,284,235
433,495,513,463,577,402,615,347,655,302,516,322,553,258,574,214,590,175,460,315,458,241,458,192,457,146,409,327,395,263,390,214,387,166,363,355,326,307,302,272,282,236
437,493,515,461,578,402,615,347,654,302,516,322,553,258,574,215,591,176,460,315,458,241,459,192,460,146,409,327,395,262,391,214,389,166,363,355,326,307,303,272,283,235
432,496,513,464,577,402,616,346,657,302,517,322,554,257,575,214,591,174,462,315,459,241,459,192,459,145,410,326,397,262,392,213,390,166,364,354,327,306,303,272,283,235
437,493,515,463,580,403,617,348,654,302,518,321,555,256,576,214,592,176,462,314,459,240,461,192,462,146,411,326,397,262,393,214,392,166,365,354,328,307,305,272,285,234
436,494,516,463,580,402,617,345,657,301,520,322,556,257,576,214,592,174,464,315,461,240,461,191,461,145,412,326,398,261,393,213,391,165,366,354,329,306,305,271,286,234
437,493,516,463,580,402,617,346,656,301,520,322,557,256,577,213,593,174,464,314,461,240,462,192,462,146,413,326,399,262,394,213,392,165,366,354,330,305,307,271,287,234
437,495,516,464,580,403,617,347,656,301,519,322,557,257,577,213,594,174,464,314,462,241,463,192,463,146,412,326,399,262,395,213,393,165,366,354,331,305,308,270,289,233
438,492,517,462,581,402,618,346,657,300,520,321,557,256,578,213,594,174,465,313,462,240,463,192,464,146,413,325,400,261,396,213,394,165,367,353,332,305,309,269,290,233
437,492,516,461,581,401,619,345,657,300,521,320,558,255,580,212,596,173,466,313,463,239,465,190,466,145,414,324,401,260,397,211,395,164,368,352,333,303,311,268,293,231
440,491,519,461,582,401,619,345,656,300,522,319,559,254,580,211,595,172,467,313,464,239,465,191,466,145,415,324,403,260,399,211,398,163,369,352,335,303,314,268,296,230
439,489,518,459,582,399,619,344,657,299,523,319,559,254,580,211,597,173,467,312,465,239,466,190,468,145,416,323,403,260,399,211,398,163,369,351,335,302,314,266,296,229
440,488,519,459,582,399,619,343,656,298,523,319,559,253,579,210,595,171,467,312,464,238,466,190,467,144,416,323,404,259,400,210,399,161,369,350,336,301,315,266,298,228
440,489,519,459,582,399,618,343,657,299,523,317,559,252,580,210,595,172,468,311,465,238,466,189,467,144,416,322,404,259,400,210,399,162,369,350,336,301,315,266,298,229
440,489,519,458,581,399,618,343,656,298,523,318,559,252,579,209,595,171,467,311,464,238,466,189,467,144,416,323,404,259,400,210,399,162,369,350,336,301,315,265,298,229
440,488,519,458,581,399,618,343,657,298,523,318,559,253,579,210,595,171,467,311,464,238,466,189,468,144,416,322,404,258,400,209,399,161,369,350,336,301,315,265,298,228
440,489,518,458,581,399,618,343,657,298,523,318,559,252,580,210,595,171,467,311,465,238,466,189,467,144,416,323,404,259,400,210,399,162,369,350,336,301,316,266,299,229
439,490,518,459,581,399,618,344,657,299,522,318,559,253,580,210,595,171,467,311,464,238,466,189,467,144,416,323,404,259,400,210,399,161,369,350,335,301,315,266,298,229
437,490,516,460,580,400,618,344,656,300,522,319,559,253,580,210,595,172,467,312,464,238,466,189,467,144,415,323,403,259,400,210,399,162,368,350,335,301,314,266,298,229
439,493,518,462,582,400,618,344,656,299,522,319,559,253,579,210,594,171,467,312,464,238,465,189,466,144,415,324,403,259,399,211,398,163,368,351,335,302,314,266,297,229
439,493,518,461,582,400,619,344,657,299,522,319,559,254,580,211,595,172,467,312,464,238,465,189,466,144,415,324,403,260,399,211,398,163,368,352,333,302,312,267,295,230
438,492,518,462,582,400,619,345,657,300,522,320,559,254,579,211,595,172,466,313,464,238,465,189,466,144,414,324,402,260,399,211,398,163,367,351,333,302,312,267,295,230
439,494,518,463,581,401,618,345,657,300,522,320,558,254,579,211,595,171,466,313,463,239,464,190,465,144,414,325,402,260,398,212,397,163,367,352,333,303,312,267,294,230
437,494,517,463,581,401,619,346,657,301,522,320,558,255,579,211,595,172,466,313,463,239,465,189,466,143,414,325,401,260,397,211,396,163,366,352,331,303,310,267,292,230
438,494,517,463,582,402,620,347,657,300,521,321,559,255,579,212,595,172,465,314,463,239,464,189,465,143,413,325,401,260,397,211,396,162,366,353,331,303,309,268,291,231
435,497,516,465,582,403,621,348,661,302,522,321,559,255,580,211,596,171,466,314,463,239,464,189,465,143,413,326,400,261,397,211,396,162,365,354,330,304,308,269,290,231
437,499,518,467,584,406,622,349,660,302,524,322,561,256,581,212,596,171,467,315,464,239,465,189,466,143,414,327,401,261,397,211,396,163,365,355,330,305,308,269,290,231
435,501,517,470,584,407,623,350,662,303,524,323,562,256,582,212,597,171,466,316,464,240,465,190,466,143,413,328,400,262,397,212,396,163,364,356,329,306,307,269,289,231
435,504,518,472,586,409,625,351,663,303,524,324,563,257,583,212,599,172,467,317,465,241,466,190,466,143,413,329,401,262,397,212,396,163,365,357,329,307,307,270,289,231
435,505,519,473,588,410,627,352,665,304,525,325,563,257,584,213,601,172,467,317,465,241,467,190,468,142,414,329,401,263,398,212,397,162,365,358,330,307,308,270,290,231
437,506,520,473,590,410,630,351,668,303,527,324,566,255,587,210,604,169,469,316,467,239,469,188,470,141,415,328,402,261,398,211,398,161,366,357,331,306,309,269,291,230
440,505,524,472,593,408,633,350,671,301,529,323,568,253,590,208,607,167,470,315,468,237,470,185,472,139,416,327,403,260,400,208,400,159,367,356,332,305,310,267,292,228
441,504,526,471,596,406,636,347,675,300,533,321,572,250,593,205,610,165,473,313,472,234,473,182,474,135,419,325,406,257,402,206,402,157,369,353,334,302,310,264,292,225
444,500,530,467,600,402,640,344,678,297,536,320,575,249,596,203,613,161,476,312,474,233,476,180,477,132,421,324,408,255,405,202,406,152,371,351,336,300,313,261,295,222
448,497,533,465,603,400,643,341,681,294,540,317,579,246,600,200,616,158,479,309,478,230,479,177,480,129,424,320,411,251,408,199,409,149,373,348,338,296,316,258,298,218
449,494,536,462,606,396,647,337,685,290,543,314,581,243,602,197,619,155,482,306,480,227,482,174,483,124,426,318,414,248,411,196,411,145,375,346,340,294,318,254,300,215
452,492,539,460,610,393,650,333,688,287,546,310,585,238,605,192,621,150,485,302,483,223,485,170,485,121,428,314,415,244,413,192,413,142,376,342,341,289,319,250,302,211
456,491,543,458,613,390,653,329,690,284,550,305,588,234,608,189,622,147,488,297,486,218,487,166,487,116,430,310,417,240,415,188,416,138,378,339,343,286,320,247,303,207
455,490,543,457,614,387,654,326,692,281,550,304,588,233,608,187,623,144,488,295,487,216,488,162,488,112,430,307,418,237,416,185,416,134,377,336,342,282,321,243,303,204
456,487,545,455,615,384,655,323,693,278,551,301,589,230,608,184,624,141,488,292,487,213,488,160,488,110,430,304,418,234,416,182,416,131,377,333,342,280,320,241,302,201
456,489,544,455,614,383,654,321,693,276,551,299,589,227,609,181,624,139,488,290,487,210,487,157,488,107,430,303,418,232,415,180,416,129,377,332,341,279,319,240,302,199
457,489,545,455,614,384,654,321,693,275,551,298,589,226,609,180,623,138,488,289,486,209,487,156,488,107,430,302,417,232,415,179,415,128,377,332,341,278,319,239,302,198
457,488,546,453,615,381,653,317,692,272,550,295,588,223,608,177,622,134,486,287,484,206,485,152,486,103,428,300,415,229,412,176,411,125,374,330,338,276,315,237,298,196
455,490,543,455,614,383,653,319,690,271,549,296,588,224,608,176,623,133,485,288,483,205,483,152,484,101,426,300,413,228,410,175,410,123,373,330,336,276,313,236,296,195
455,491,543,456,615,383,653,318,690,271,549,296,588,222,607,175,622,132,484,288,482,206,482,152,482,102,426,301,412,228,409,175,409,123,371,331,335,275,312,236,295,195
451,495,541,460,614,386,652,319,689,271,548,296,588,222,607,175,621,132,484,288,482,205,481,152,481,101,424,301,411,228,408,175,408,123,370,331,334,276,311,236,293,196
452,497,541,461,613,387,651,320,689,271,548,296,588,222,607,175,621,132,483,289,481,206,481,153,479,103,424,302,410,229,406,176,406,123,368,333,332,277,309,237,291,196
450,498,541,462,613,388,653,321,690,271,548,299,589,224,608,176,622,132,483,290,481,207,480,153,479,102,423,303,409,230,405,176,404,123,368,334,331,278,307,238,289,197
451,499,541,463,614,389,654,322,691,271,549,299,589,224,609,175,623,131,484,291,481,208,480,153,479,103,424,303,409,230,405,176,404,123,369,334,331,279,307,239,289,197
449,501,541,464,615,390,655,323,692,272,549,299,591,224,610,175,625,131,484,291,482,208,481,153,479,102,424,304,410,231,405,176,404,123,369,334,331,279,307,239,288,197
450,500,542,464,617,389,656,322,694,272,550,299,591,224,611,176,625,131,485,291,483,208,482,153,480,102,425,304,410,230,406,176,404,123,369,335,331,279,307,239,289,197
451,500,543,463,617,389,656,321,694,271,550,298,592,223,612,174,626,130,485,290,483,207,482,152,481,101,425,303,410,230,406,175,404,122,370,334,331,279,307,238,289,197
452,499,544,462,618,388,656,321,694,270,551,298,592,222,612,174,626,129,485,290,483,207,482,152,481,101,425,303,410,229,406,174,404,120,370,334,331,278,307,238,289,196
453,499,544,462,618,387,656,320,695,269,551,298,592,222,612,173,627,128,486,289,483,206,482,151,480,100,425,303,411,228,406,173,405,120,370,333,332,277,307,237,289,195
453,497,544,460,619,386,657,319,694,269,551,297,593,221,613,172,627,128,486,289,484,205,483,150,481,99,426,301,410,227,406,173,404,119,370,332,331,277,307,237,289,195
454,498,545,461,619,386,656,318,693,267,552,296,593,220,612,171,627,126,486,287,484,204,483,149,481,98,425,301,410,227,405,172,403,118,369,332,331,276,307,235,288,194
453,498,545,461,618,386,655,318,692,268,552,296,593,220,612,171,627,126,486,287,484,203,482,148,481,97,425,300,410,226,405,172,402,118,369,331,331,276,306,236,288,194
454,498,545,461,618,386,654,318,692,268,551,296,592,220,612,171,626,126,485,287,483,204,481,148,480,97,424,301,409,227,404,172,402,118,368,332,329,276,305,236,287,194
453,498,544,461,617,386,655,318,692,267,550,296,591,220,611,171,625,126,484,288,481,204,480,148,478,97,423,301,408,227,402,172,400,118,367,333,328,276,304,236,285,194
453,498,544,461,617,387,653,319,690,268,549,297,590,220,609,171,624,126,483,288,480,204,479,149,477,97,422,302,407,227,401,172,399,118,366,334,326,277,302,237,283,195
452,498,544,462,615,388,652,320,689,268,548,298,589,222,608,172,623,127,481,289,479,205,477,149,475,98,420,303,405,228,399,173,397,119,364,335,325,278,300,238,282,196
450,501,541,464,613,389,651,321,688,269,547,299,588,222,607,173,622,128,480,290,478,205,476,149,474,98,419,303,404,228,398,173,396,119,363,335,324,279,299,239,280,198
448,502,539,466,612,391,650,323,686,270,546,300,587,224,607,174,621,128,479,291,477,206,475,150,473,99,418,304,403,229,397,174,395,120,362,336,323,280,298,240,279,198
449,502,540,466,611,392,648,323,685,271,545,302,586,225,606,175,619,129,478,293,476,208,474,152,472,100,417,306,402,231,397,175,395,121,361,338,322,282,297,242,278,200
447,505,538,468,609,393,647,324,684,272,543,303,584,226,604,176,619,130,477,294,474,208,473,152,471,100,415,307,401,232,395,176,392,122,359,339,321,283,296,243,276,201
445,506,536,469,608,395,645,326,683,273,542,305,583,228,603,177,617,131,475,296,473,210,471,154,469,101,414,309,399,233,393,178,390,124,358,341,319,284,294,244,274,203
442,508,535,470,607,396,645,328,681,275,540,307,581,229,600,179,615,133,473,298,471,212,469,156,467,103,412,311,397,235,391,179,388,125,357,343,317,286,292,246,273,205
441,512,533,473,605,399,642,330,679,277,538,308,579,229,599,179,614,133,472,299,470,214,469,158,466,105,412,313,396,237,390,181,387,126,356,345,317,288,292,248,272,205
440,512,532,474,604,399,641,331,679,278,538,309,578,232,598,181,613,135,471,300,469,214,468,158,466,105,411,314,395,238,389,182,386,128,355,345,316,289,290,248,270,206
437,514,529,475,602,401,639,332,678,279,537,310,577,233,597,182,612,136,470,301,468,216,467,159,465,107,410,314,394,239,388,183,385,129,354,346,315,289,289,249,269,207
437,513,529,475,602,400,640,332,678,279,537,310,577,232,597,182,612,137,470,301,467,216,466,159,464,108,410,314,394,239,388,183,385,129,355,346,315,289,289,249,269,207
439,513,530,475,602,401,639,332,678,279,536,310,577,233,597,183,612,137,470,301,467,216,466,160,465,107,409,315,394,239,388,183,385,129,354,347,315,290,289,249,269,207
436,513,528,474,601,400,639,332,678,279,535,310,576,232,597,182,612,137,469,301,467,215,466,159,465,107,409,314,393,238,387,183,384,129,354,345,314,289,288,249,269,207
436,512,527,474,601,400,639,332,678,279,536,309,576,232,597,182,612,137,469,300,467,214,466,159,465,107,409,313,393,238,387,182,384,128,354,345,314,289,289,249,269,207
437,511,528,472,601,399,639,332,678,279,536,308,576,231,597,181,611,136,469,299,467,214,466,158,465,107,409,313,393,238,387,182,385,128,354,344,314,288,289,248,269,206
436,511,527,472,600,399,638,332,677,279,535,308,576,231,596,182,612,136,469,299,467,214,466,158,465,106,409,312,393,237,387,182,385,128,354,343,315,288,289,248,270,206
438,509,529,471,601,398,639,330,676,278,536,307,576,231,597,181,612,136,470,299,467,213,466,158,465,106,409,312,394,237,387,181,385,128,355,343,315,287,289,247,270,205
438,508,529,470,601,398,639,330,677,278,535,307,576,230,597,180,612,135,470,298,467,213,466,157,465,106,409,311,394,236,388,181,385,127,355,342,315,287,290,247,270,206
439,508,529,470,601,397,639,330,677,278,535,307,577,230,597,180,611,135,470,298,467,212,466,157,465,106,410,311,394,236,387,181,385,127,355,342,315,287,290,247,270,205
441,507,530,469,601,396,640,330,677,277,536,307,577,231,597,181,612,136,471,298,467,213,466,157,465,105,410,311,394,236,388,181,385,127,356,343,316,287,290,247,270,205
443,507,531,470,602,397,641,331,677,277,537,306,578,231,597,181,612,136,471,298,467,213,466,157,465,105,410,311,394,237,388,181,385,127,356,343,316,288,291,247,271,205
444,507,533,470,604,398,643,331,679,279,538,308,579,232,599,182,613,136,472,299,469,213,467,158,465,105,412,313,394,238,387,182,383,128,357,345,317,289,291,249,270,207
443,508,533,471,605,398,644,331,680,279,539,309,580,233,600,183,615,138,473,300,470,215,468,159,466,106,412,313,395,239,388,183,384,129,358,345,318,290,292,249,272,207
442,509,533,472,606,398,645,331,682,279,539,310,580,233,600,184,615,138,473,301,470,216,469,160,467,107,413,314,396,240,389,184,385,129,359,346,319,290,293,250,273,208
443,510,532,473,605,400,644,333,682,280,538,310,580,234,601,185,616,139,473,301,471,217,470,161,468,108,414,315,397,240,389,184,385,129,360,346,320,290,294,250,274,208
443,511,533,473,606,400,646,333,683,280,539,310,581,234,602,185,617,139,474,301,471,217,471,161,469,107,414,314,397,240,389,185,385,130,360,346,320,290,294,250,274,208
446,510,535,473,607,401,646,333,683,281,539,310,581,234,602,185,618,139,474,301,472,217,471,160,469,107,415,315,397,240,389,184,385,129,361,346,320,291,294,251,274,209
447,509,536,472,608,400,648,333,686,281,542,311,583,235,603,186,618,139,476,301,473,217,472,160,470,107,416,315,398,240,389,185,384,130,362,347,321,292,294,252,274,210
445,509,536,473,609,400,649,333,686,280,542,312,584,235,605,186,620,139,476,302,475,217,473,161,471,107,416,315,399,241,390,185,385,130,363,347,321,291,295,252,274,209
445,511,536,474,610,401,649,333,687,280,542,312,585,235,606,186,621,140,476,302,475,218,474,161,471,108,417,315,399,240,391,185,386,130,363,347,322,291,296,252,275,209
447,509,537,473,611,401,651,334,688,281,544,311,586,235,606,186,621,140,478,301,475,218,474,161,472,108,418,315,399,240,390,185,385,130,364,346,323,291,296,252,274,210
446,511,538,474,612,400,652,333,690,281,544,311,588,235,608,185,622,139,478,301,475,218,474,162,471,108,418,315,399,241,391,186,385,131,365,347,323,292,296,252,275,209
448,509,538,473,612,400,652,333,690,282,545,310,588,234,608,185,622,139,479,301,476,217,474,161,470,108,419,315,399,241,390,186,383,131,366,347,324,292,297,252,275,210
449,509,540,473,614,399,654,332,691,281,545,310,588,234,609,185,623,139,479,301,476,217,474,161,470,108,419,315,399,241,389,186,382,131,367,347,325,292,298,252,277,210
452,506,542,471,615,398,655,331,692,281,546,310,589,234,609,185,624,139,480,301,477,217,475,161,470,107,421,314,400,240,389,185,381,131,368,346,326,291,299,252,277,210
453,506,543,470,616,397,656,331,693,280,547,310,589,235,610,186,625,140,482,301,478,217,476,160,471,106,422,314,401,240,390,185,381,131,370,346,327,291,300,252,278,210
455,503,545,468,618,396,657,330,693,280,548,309,590,234,610,185,626,140,483,300,479,217,477,160,471,106,423,313,402,239,390,184,382,130,371,344,328,289,301,250,279,209
457,502,547,467,619,395,658,329,696,280,550,308,591,233,611,184,627,139,484,299,481,216,478,159,472,106,425,312,403,238,392,184,383,129,373,343,330,289,302,250,280,208
456,500,547,466,620,394,659,328,696,279,552,307,592,232,612,183,628,138,486,298,481,215,478,159,473,105,427,311,404,238,393,183,384,129,374,342,331,287,304,249,282,207
456,502,547,467,620,393,660,328,697,279,552,306,593,231,613,183,628,137,486,297,482,214,479,158,473,105,427,311,406,236,394,182,386,128,375,342,333,287,306,248,284,206
456,501,547,466,621,393,660,327,698,278,553,306,594,231,614,183,629,138,487,297,483,213,480,158,475,105,428,310,407,236,396,182,387,128,376,341,334,286,307,247,286,206
456,500,548,466,622,392,661,326,699,278,554,304,595,230,615,182,630,137,488,295,484,213,481,157,476,105,429,309,408,235,397,181,389,127,378,340,336,286,309,247,288,205
459,499,550,465,623,391,662,325,700,277,555,303,595,229,615,181,630,137,490,294,485,212,483,157,477,105,431,308,410,234,399,181,391,127,379,340,337,286,311,247,290,205
459,499,551,464,624,390,662,325,701,277,555,304,595,230,616,181,631,137,491,294,487,213,484,158,478,105,432,308,411,235,400,181,392,127,379,339,338,285,312,246,290,205
459,498,550,464,624,390,663,324,701,277,556,303,596,229,616,181,631,137,491,294,487,212,484,157,479,105,433,307,412,234,401,181,393,127,380,338,339,284,313,246,291,204
460,496,551,462,625,388,663,323,701,277,556,302,596,229,616,181,631,137,491,293,487,211,484,156,479,105,433,307,412,233,402,179,394,126,381,337,339,284,313,245,292,204
460,497,551,462,624,388,662,323,701,276,557,302,597,229,617,181,632,136,492,293,488,211,485,157,480,104,434,306,413,233,403,180,396,126,381,337,340,283,314,245,293,203
461,496,552,462,625,388,663,323,702,276,557,302,597,228,617,181,632,136,492,293,488,211,485,156,480,104,434,306,413,233,403,179,396,126,382,337,341,283,314,245,293,203
463,495,553,461,624,387,663,322,702,276,557,301,597,228,617,181,633,137,493,292,488,210,486,156,481,104,434,306,414,232,404,179,396,125,381,336,341,283,314,244,294,203
463,495,553,461,625,389,664,324,701,275,558,302,598,229,618,181,633,136,493,293,489,211,486,156,481,103,434,306,415,233,404,179,397,125,382,337,341,283,315,244,294,203
462,495,553,461,625,389,664,323,702,275,558,302,598,229,619,181,634,137,494,293,490,211,487,156,482,104,435,306,416,233,406,179,398,125,383,337,342,282,315,244,294,203
462,496,553,462,626,390,665,324,703,276,558,303,599,229,620,181,635,137,494,293,490,211,488,156,483,104,436,306,416,233,406,179,399,125,384,337,343,283,316,244,295,203
462,497,553,463,627,391,666,325,704,276,559,303,600,229,620,181,636,137,495,293,491,211,488,156,483,104,436,306,417,233,407,179,399,125,384,337,344,283,318,244,297,203
461,496,553,463,627,391,666,325,706,277,560,303,601,230,621,182,637,138,495,293,492,211,489,156,484,105,437,306,417,232,407,179,400,126,384,336,344,283,318,245,297,204
462,496,553,463,627,390,666,325,705,277,560,303,601,230,622,182,637,138,495,293,492,211,489,156,484,105,437,306,417,232,407,179,400,126,385,336,344,282,318,244,297,204
463,497,554,463,628,391,667,325,705,277,560,303,601,230,622,182,637,137,495,294,492,211,490,156,485,104,437,306,417,232,408,179,401,126,384,336,344,283,318,245,297,204
461,498,553,464,628,391,666,325,705,277,560,303,601,229,622,182,637,137,496,293,492,211,490,156,485,104,437,306,417,232,408,179,401,126,384,336,345,283,319,245,298,204
462,497,553,463,627,390,666,325,704,278,560,303,601,230,621,182,636,137,495,293,491,211,489,156,484,105,436,306,416,232,407,179,400,126,384,336,343,282,317,245,295,204
461,496,553,462,627,390,665,324,704,277,560,302,600,229,621,181,636,137,495,293,491,211,488,156,483,104,436,306,416,232,407,179,400,126,383,336,342,282,317,244,296,203
459,496,552,462,625,389,664,323,703,277,558,302,599,229,619,180,634,136,493,293,489,211,487,156,482,104,434,306,414,232,405,178,399,125,381,336,340,282,314,244,293,203
458,495,550,462,624,388,663,323,702,276,556,302,597,228,617,180,632,135,491,292,488,210,485,155,481,104,432,305,413,231,404,178,397,125,380,335,339,282,313,243,292,202
459,494,550,461,623,387,662,322,701,275,555,301,596,227,616,179,630,134,490,292,486,209,483,154,478,103,431,305,411,231,402,178,396,125,379,336,338,281,312,243,291,201
458,494,549,460,622,388,660,323,699,276,554,301,595,228,614,179,629,134,489,292,485,210,482,155,477,103,431,305,411,232,401,179,395,125,379,336,337,282,311,243,291,202
458,494,550,460,622,387,660,322,699,275,554,301,594,228,614,179,629,134,489,292,485,210,482,155,476,103,430,306,410,233,401,179,394,125,378,337,337,282,311,243,290,202
458,495,549,461,621,389,659,323,697,276,554,301,594,227,614,179,629,134,489,292,484,210,481,155,476,103,430,305,410,232,400,178,393,125,378,336,337,282,311,243,290,202
457,495,547,461,620,389,659,324,697,275,554,301,594,227,614,179,629,135,489,292,484,209,481,155,476,103,430,305,410,232,400,178,393,125,378,336,337,282,311,243,291,202
455,496,546,462,620,388,659,323,697,276,553,301,594,227,614,179,629,134,489,292,484,209,481,154,476,103,430,305,410,232,400,178,393,125,378,335,337,282,311,243,290,202
457,492,547,459,620,387,659,323,697,276,553,300,593,227,612,179,627,134,488,292,483,209,480,155,475,104,429,305,409,231,400,178,393,125,377,335,336,281,310,243,289,203
456,493,546,459,619,388,658,323,696,276,553,300,593,226,612,178,627,134,488,291,484,209,480,155,475,103,429,304,410,232,400,178,393,125,377,335,336,282,311,243,291,202
457,492,546,458,619,387,658,322,695,274,552,299,593,226,613,178,627,133,487,291,483,208,480,154,474,103,429,304,409,231,400,178,393,124,377,335,336,281,311,242,291,201
456,492,546,458,618,387,657,322,695,274,552,299,592,226,612,178,627,133,487,290,483,209,480,154,474,103,428,303,409,231,400,177,393,124,376,333,336,280,311,241,292,200
456,491,546,457,619,385,658,321,695,272,552,298,593,225,613,177,627,133,487,289,483,207,480,153,475,102,429,302,409,230,400,177,393,123,377,333,337,279,311,241,292,200
457,491,547,457,619,385,658,320,695,272,552,298,592,225,612,177,626,132,488,289,484,207,480,153,475,102,429,302,410,230,400,176,393,123,377,333,337,279,312,240,292,199
457,490,547,457,618,385,658,320,695,272,553,298,593,224,612,176,627,132,488,288,484,207,480,153,474,102,430,302,410,229,400,176,393,123,378,332,337,279,312,240,292,199
457,489,547,457,618,385,658,320,695,272,553,297,592,224,612,176,626,132,488,288,484,207,480,153,474,102,430,301,410,229,400,176,394,123,378,331,337,278,312,240,293,199
458,489,548,456,619,385,659,320,695,271,553,298,593,224,613,177,627,132,489,288,484,207,481,153,475,102,430,301,411,229,401,176,395,123,378,332,338,279,313,240,294,199
459,489,548,457,620,386,659,321,695,272,554,298,594,224,614,177,629,132,490,288,485,207,482,153,476,102,431,301,412,229,402,176,396,123,379,332,339,279,314,240,295,199
459,489,549,457,621,385,660,320,697,272,555,298,595,225,615,178,630,133,491,289,486,207,483,153,478,102,432,301,413,229,404,176,398,123,381,332,341,279,316,240,296,200
460,489,550,456,622,385,661,321,698,273,556,297,596,225,616,177,631,133,492,288,487,207,484,152,479,102,434,301,414,228,405,175,399,123,382,331,342,278,317,240,297,199
458,489,549,457,622,385,662,321,699,273,557,299,596,226,616,178,631,134,492,289,488,208,485,154,480,103,434,302,415,229,406,176,400,123,383,332,343,278,318,240,298,199
459,490,549,457,622,386,661,321,699,275,557,299,596,226,616,179,631,135,492,289,488,207,485,153,480,103,434,301,415,228,406,175,400,124,382,331,343,277,318,239,298,198
458,490,549,457,622,386,661,321,700,274,557,299,596,226,617,178,631,134,492,289,488,208,485,154,480,103,434,301,415,228,406,175,400,123,383,331,343,278,318,239,299,198
459,490,549,457,622,386,661,321,699,274,557,299,596,226,616,178,631,134,492,289,488,207,485,153,480,103,434,301,415,228,406,175,400,123,382,331,343,278,318,239,298,198
458,489,549,457,622,386,661,321,699,274,557,298,597,226,617,178,631,134,492,289,488,207,485,153,480,103,434,301,415,228,406,175,400,124,382,331,343,278,318,239,298,198
460,488,550,456,623,385,661,321,699,274,556,299,595,226,616,178,630,135,491,290,487,207,484,153,479,103,433,302,414,228,405,175,400,124,382,332,342,278,317,239,297,199
458,489,549,456,623,385,661,320,699,273,556,299,595,226,616,178,631,134,491,290,487,208,484,154,479,103,433,303,414,229,406,176,400,124,381,333,342,279,318,240,298,200
458,490,549,457,622,385,661,321,699,274,556,299,595,226,615,178,630,134,491,290,487,208,484,153,478,103,433,302,414,229,405,176,399,124,381,332,342,278,317,240,297,199
458,490,549,457,622,385,661,321,699,273,555,299,595,226,615,178,630,133,491,290,486,208,483,154,478,103,433,302,414,229,405,176,399,124,381,332,341,278,316,240,296,199
458,490,548,458,622,386,660,321,699,274,555,299,595,226,615,178,630,134,491,290,486,208,483,153,477,103,433,302,413,229,405,176,399,124,381,332,341,278,316,240,295,199
458,490,548,457,621,386,661,322,698,274,555,299,595,226,615,178,630,134,490,290,486,208,483,153,478,103,432,303,413,230,405,177,399,125,380,333,341,279,316,241,296,200
457,491,548,459,622,387,661,322,699,274,555,300,595,227,615,179,630,134,490,291,486,209,483,154,478,103,432,303,413,230,404,177,399,124,380,333,341,279,316,241,296,200
460,491,550,458,622,388,661,324,699,275,555,300,595,228,616,180,632,135,491,291,487,209,485,155,480,104,432,304,414,230,405,177,399,124,380,334,341,280,316,241,297,200
459,492,549,460,623,388,662,324,699,275,556,301,596,228,617,180,633,136,491,292,488,211,485,156,481,104,433,304,415,232,406,178,400,125,380,335,342,281,317,242,298,201
459,492,550,459,623,388,663,324,701,276,556,301,597,228,618,180,633,136,492,291,489,210,487,155,482,104,434,304,416,231,407,177,401,124,382,334,343,281,318,242,298,201
460,491,550,459,623,388,663,324,701,275,557,301,597,228,618,180,633,136,492,291,489,210,487,155,482,104,434,304,416,230,407,177,402,124,382,334,344,280,319,242,300,200
461,492,551,458,624,388,664,324,702,275,558,301,599,228,619,180,635,136,493,291,490,209,487,155,483,103,435,304,417,231,408,177,402,124,383,334,344,281,320,242,301,200
461,491,551,458,625,388,664,324,702,275,558,301,599,228,620,181,635,136,494,291,491,210,488,155,484,104,436,304,418,230,409,177,403,124,384,333,345,280,321,241,301,200
462,492,552,458,626,388,665,324,703,275,559,301,600,228,620,180,635,136,495,291,491,209,489,154,484,103,436,304,418,230,409,176,403,124,384,334,346,280,321,241,302,200
463,491,552,458,626,388,665,324,703,275,559,301,600,228,621,180,636,136,495,291,492,209,490,154,485,103,437,303,419,230,410,177,404,124,385,333,346,280,322,241,302,200
462,492,552,459,626,389,666,324,704,275,559,301,600,228,621,180,636,136,495,291,492,209,490,155,485,103,437,303,419,230,410,177,405,124,385,333,347,280,322,241,303,200
461,492,552,459,626,389,666,324,705,275,560,301,601,228,622,180,637,136,496,291,492,209,490,154,486,103,437,303,419,230,410,176,405,124,385,333,347,280,322,241,303,200
463,492,553,459,627,388,666,324,705,276,560,300,601,227,622,180,637,136,496,291,492,209,490,154,486,103,438,303,419,230,411,176,405,124,385,333,347,279,322,240,303,199
461,493,552,459,626,389,666,324,705,275,560,301,601,228,622,180,637,136,496,292,492,210,490,155,486,103,437,304,419,231,411,177,405,124,385,333,347,280,323,241,303,201
462,492,552,460,627,390,666,324,704,276,560,301,602,228,622,180,637,136,496,291,493,209,491,154,486,104,438,304,420,230,411,177,404,124,386,334,347,280,322,241,303,200
463,491,553,459,627,390,665,325,704,275,560,301,601,228,622,180,637,136,496,291,492,209,490,155,485,104,438,304,419,230,410,177,404,125,386,334,347,280,322,241,303,200
463,492,553,459,627,389,666,324,705,275,560,301,602,229,622,181,637,137,496,291,493,209,490,154,486,103,438,304,420,231,411,177,405,124,386,334,347,280,323,241,303,200
464,492,554,459,627,389,666,324,705,275,561,301,602,229,622,181,637,137,496,292,493,209,490,155,486,103,438,304,420,231,411,177,405,124,386,334,347,281,323,242,304,201
463,492,554,459,627,389,666,324,705,275,561,301,602,229,622,181,637,137,497,292,493,210,490,155,486,103,439,304,420,231,411,177,405,125,387,334,348,281,323,242,304,201
464,493,554,459,628,389,666,324,705,275,561,300,602,228,623,180,637,136,497,291,492,209,490,155,486,104,439,304,420,231,411,177,406,125,387,334,348,280,323,241,304,200
464,491,554,459,627,389,666,324,704,275,560,301,601,229,622,181,638,137,496,292,492,210,490,155,486,104,438,304,420,231,411,178,405,125,387,334,348,281,323,242,304,201
464,491,554,459,627,389,666,324,705,275,561,301,602,228,622,181,637,136,496,292,492,210,490,155,486,104,438,304,420,231,411,178,405,125,386,334,347,280,323,242,304,201
463,491,554,459,627,389,666,325,704,275,560,301,601,228,622,181,638,137,496,292,492,210,490,155,486,104,438,304,420,231,411,178,406,125,386,334,347,281,323,242,303,201
464,491,554,459,627,389,666,324,704,275,560,302,601,229,622,181,637,137,496,292,492,210,490,155,486,104,438,304,420,231,411,178,405,125,386,334,347,281,323,242,304,201
463,492,553,459,627,389,666,325,705,276,561,301,601,229,622,181,637,137,497,292,493,210,490,155,485,104,438,304,420,231,411,178,405,125,386,334,347,281,323,242,303,201
463,492,554,459,627,389,666,324,706,276,561,301,601,229,622,181,637,136,497,292,493,210,490,155,486,104,438,304,420,231,411,178,405,125,386,333,347,280,323,241,303,200
460,492,552,459,627,389,667,325,706,276,560,302,601,228,622,180,637,136,496,292,492,210,490,155,485,104,438,304,420,231,411,178,405,125,386,334,348,280,323,241,304,200
461,492,552,460,627,389,666,324,706,277,560,302,601,228,621,180,637,136,496,292,492,210,489,155,484,104,438,304,419,231,411,178,405,126,386,333,347,279,322,240,302,200
460,493,552,460,627,389,667,324,706,276,561,301,601,228,622,180,637,135,496,292,492,210,490,155,485,104,438,304,420,231,411,177,405,125,386,334,348,280,323,241,304,200
461,491,552,460,627,389,666,324,706,277,560,302,601,229,622,181,637,137,496,292,492,209,489,155,485,104,438,304,419,231,411,178,405,126,386,333,347,279,323,241,303,200
461,492,552,460,627,390,667,325,706,276,561,302,601,228,622,180,637,136,496,292,492,210,490,155,485,104,438,304,420,231,411,178,405,125,387,334,348,280,324,241,304,200
462,492,553,460,628,390,667,324,706,277,561,302,602,228,622,180,637,137,497,292,493,209,490,155,486,104,439,304,420,231,411,178,406,126,388,334,348,280,323,241,304,200
462,492,553,460,628,390,667,325,706,276,562,302,603,228,623,180,638,136,498,292,494,209,491,154,486,104,440,304,421,231,412,177,406,125,388,334,349,280,324,241,305,200
463,493,553,460,628,390,667,325,707,277,562,302,603,228,623,180,638,137,498,292,494,209,492,154,487,104,440,304,421,230,412,177,406,125,388,333,349,279,325,241,305,200
462,494,553,460,628,390,668,324,707,276,562,302,603,228,624,181,639,136,498,292,494,209,492,154,487,103,440,304,421,230,412,177,407,125,389,333,350,280,325,241,305,200
463,493,554,461,628,390,667,325,707,277,562,302,602,229,623,181,638,137,497,293,494,209,492,154,486,104,440,305,421,230,412,177,406,125,388,334,349,280,325,241,305,200
463,493,554,460,629,390,668,325,707,276,562,302,603,229,624,181,639,137,498,292,495,209,492,154,487,103,440,305,422,231,412,178,406,125,389,334,350,280,325,241,306,200
464,493,554,459,629,389,668,325,707,277,562,302,602,228,624,181,639,137,498,292,494,209,492,154,487,103,440,304,422,231,413,177,406,125,389,334,350,280,325,241,305,200
464,492,555,459,629,389,668,325,707,277,562,302,602,229,624,181,639,137,498,293,494,210,492,155,487,104,440,305,422,231,413,178,407,125,388,335,349,281,324,242,305,201
464,492,555,459,629,389,668,325,707,277,561,302,602,228,624,180,639,136,497,293,494,210,492,155,487,104,439,305,421,231,412,178,406,126,388,335,349,281,324,242,304,201
463,493,554,459,629,389,667,325,706,277,561,302,602,228,623,180,639,136,497,293,493,210,491,155,486,104,439,305,420,231,412,178,406,126,387,335,348,281,323,242,304,202
463,493,554,460,628,389,667,324,706,277,561,303,602,229,622,180,638,136,496,293,492,209,490,154,485,103,438,306,419,232,411,178,405,126,386,336,347,282,322,243,302,202
463,494,554,461,627,389,666,324,706,277,561,303,601,229,622,181,637,136,496,293,492,209,489,154,484,103,438,306,419,232,410,178,403,126,386,336,346,282,321,243,300,202
462,493,553,461,626,390,666,326,704,277,560,303,600,230,621,181,636,137,495,294,491,210,489,154,484,103,437,306,418,232,409,179,403,126,385,337,346,282,320,244,300,203
461,493,552,461,626,390,665,326,705,277,559,304,600,230,621,181,636,137,495,294,491,210,488,155,483,103,436,307,418,233,409,179,403,127,384,337,345,283,320,244,299,203
460,494,551,462,626,391,665,326,705,278,559,304,600,231,620,182,636,137,494,295,490,211,488,155,482,104,436,307,418,233,408,179,402,127,384,337,345,283,319,244,299,203
461,494,552,462,625,391,665,326,705,278,558,305,599,231,620,182,635,137,494,295,490,212,487,156,482,104,436,308,417,233,408,180,401,127,384,337,344,283,319,245,298,204
460,495,551,462,625,391,665,327,705,278,558,305,599,232,620,183,636,137,494,295,490,212,487,156,482,103,435,308,417,234,407,180,401,127,383,338,344,283,319,245,299,203
461,495,552,462,626,391,665,327,705,279,558,305,599,232,620,183,635,138,494,296,490,212,487,156,482,104,435,308,416,234,407,180,400,127,383,338,344,284,318,245,298,204
461,494,552,461,626,391,666,327,705,278,558,305,599,232,621,183,637,138,494,295,490,212,487,156,482,103,435,308,417,234,407,180,400,127,384,338,344,284,319,245,299,204
461,494,553,461,627,391,666,327,705,278,559,305,600,231,621,182,637,137,494,296,490,211,487,156,482,104,436,308,417,234,407,180,401,127,383,338,344,284,318,245,298,204
463,494,553,461,627,392,666,327,705,278,559,305,600,232,621,183,637,137,494,296,490,211,487,156,482,104,436,308,417,234,407,180,401,127,384,338,344,284,319,245,298,204
462,494,553,462,627,392,667,328,705,278,559,305,600,232,621,183,638,138,494,296,490,212,487,156,482,104,436,309,417,234,407,181,401,128,384,339,345,285,319,246,298,205
463,494,554,462,628,392,667,328,706,279,560,306,601,232,622,183,638,138,495,296,491,212,488,156,483,104,437,309,417,234,408,181,402,128,385,339,346,285,320,246,300,205
464,493,555,461,629,392,669,328,707,279,561,306,601,233,623,184,639,138,496,297,492,212,489,156,484,104,437,309,418,235,409,181,402,128,386,339,347,285,321,246,301,205
464,494,555,462,629,393,669,329,708,280,561,307,602,233,624,184,640,139,496,297,493,213,490,157,485,105,438,309,420,235,410,181,404,128,387,339,348,285,322,246,302,206
464,495,555,463,630,393,670,329,708,280,562,307,603,233,625,184,641,140,497,297,494,213,491,157,486,105,439,310,421,235,411,181,404,128,387,340,349,286,324,247,303,206
463,495,555,463,630,393,670,329,709,280,562,307,603,233,625,184,641,140,498,297,494,214,492,157,486,105,439,310,421,235,412,181,405,129,387,339,349,285,324,247,303,206
464,495,556,463,630,393,669,329,709,280,562,307,603,233,625,184,641,139,498,298,494,214,491,158,486,106,440,310,421,236,412,182,405,128,389,340,349,286,323,247,302,207
466,494,557,462,631,392,669,328,709,279,562,307,603,234,624,185,640,140,498,298,494,214,491,158,485,106,440,310,421,235,411,181,404,128,389,340,349,286,322,248,301,208
465,493,556,462,631,392,670,328,709,279,563,307,603,233,624,184,640,139,498,298,493,213,489,157,484,105,440,310,420,236,410,182,403,129,389,340,349,286,322,248,301,208
467,494,557,461,631,392,670,328,709,279,563,307,603,233,624,184,640,139,498,298,493,214,490,158,484,106,440,311,420,236,410,182,403,129,389,340,349,287,322,249,300,208
467,494,558,462,631,392,670,328,709,279,563,308,603,233,624,184,640,139,498,298,493,214,490,158,484,105,440,311,420,236,410,182,403,129,389,340,349,287,322,248,301,208
466,494,557,463,631,393,670,329,709,280,563,308,603,233,625,184,641,139,498,298,493,214,490,158,485,105,440,310,420,236,410,183,403,130,389,340,349,287,323,248,302,208
466,495,557,463,631,393,671,329,710,281,563,308,604,234,625,185,641,140,498,298,494,215,491,159,485,106,440,311,421,237,411,183,404,130,390,340,350,287,324,249,302,209
466,495,557,463,631,393,671,329,710,281,563,309,604,235,625,186,642,141,499,299,494,216,491,160,486,107,441,311,422,237,412,183,405,131,390,341,350,287,324,249,303,209
467,495,558,463,631,393,671,329,710,281,564,309,604,235,626,186,642,141,499,299,495,216,492,160,486,107,442,311,423,237,413,183,406,131,391,340,351,287,325,249,304,209
468,494,558,463,632,393,670,330,710,281,564,309,604,235,626,186,642,141,499,299,495,216,492,160,487,107,442,311,422,237,413,184,406,131,391,341,351,287,325,249,304,209
469,494,559,462,632,393,670,329,709,281,563,309,604,235,625,186,641,141,499,299,495,216,492,160,486,107,441,311,422,237,413,184,406,131,391,341,351,287,325,249,304,209
467,494,558,462,631,392,670,328,709,280,564,308,604,235,625,186,641,142,499,298,494,216,491,160,486,107,442,311,422,237,413,184,406,131,391,340,351,287,325,249,305,209
469,493,559,461,632,392,670,328,709,280,564,308,604,235,625,186,640,141,500,299,495,216,491,160,485,107,442,311,422,237,412,184,405,131,392,340,351,287,325,249,304,209
469,493,559,461,631,392,670,328,708,280,564,308,604,235,625,186,640,141,500,298,495,216,491,160,485,107,442,311,422,237,412,184,405,132,392,340,351,287,325,249,304,209
469,491,559,461,631,392,670,328,708,280,564,309,604,236,625,187,640,141,500,299,495,216,491,161,486,108,442,311,422,238,413,185,406,133,392,340,352,287,326,250,305,210
469,491,558,461,630,392,669,329,708,280,564,309,603,236,624,187,640,142,499,299,495,217,492,162,486,109,442,311,422,238,413,186,406,133,392,341,352,288,326,250,305,210
468,493,557,461,630,392,669,329,707,281,563,309,603,236,624,187,639,142,499,299,494,217,491,162,485,110,442,311,423,238,412,185,405,133,392,341,352,288,326,250,305,211
468,494,557,462,629,392,667,328,706,281,562,309,602,236,623,188,638,143,499,299,494,217,491,162,484,110,442,312,422,238,412,185,405,133,392,341,352,288,326,251,304,211
467,495,556,462,628,393,667,329,705,281,562,309,602,237,622,188,637,143,498,300,493,218,489,163,483,111,441,312,422,239,412,186,404,134,391,341,351,289,325,251,304,212
466,496,556,463,628,393,667,329,706,282,562,309,602,237,622,188,637,144,499,300,493,218,489,162,483,111,442,312,422,239,412,186,404,134,392,342,352,289,326,251,305,211
468,495,556,462,628,393,666,329,705,283,562,310,602,238,622,189,636,144,499,300,493,219,489,164,483,112,442,312,422,239,412,187,404,134,392,341,351,289,325,252,304,212
468,495,556,462,628,393,666,330,705,283,562,311,601,238,622,190,636,145,499,301,493,219,489,164,483,112,442,313,422,240,412,188,404,136,392,342,351,290,326,252,305,212
467,495,556,463,627,394,666,331,704,283,562,311,601,239,621,190,635,145,498,302,492,220,489,165,483,113,442,314,421,241,411,189,403,137,392,344,352,291,326,253,305,214
